Small.jpg
1
2,0.411
3,0.428
4,0.443
5,0.457
6,0.474
7,0.496
8,0.521
2
2,0.540
3,0.554
4,0.571
5,0.586
6,0.602
7,0.618
8,0.648
3
2,0.666
3,0.683
4,0.698
5,0.715
6,0.732
7,0.752
8,0.781
Normal.jpg
1
2,0.848
3,0.936
4,0.036
5,0.134
6,0.235
7,0.332
8,0.450
2
2,0.578
3,0.712
4,0.828
5,0.951
6,0.089
7,0.218
8,0.341
3
2,0.516
3,0.658
4,0.788
5,0.913
6,0.035
7,0.161
8,0.299
Big.jpg
1
2,0.798
3,0.430
4,1.061
5,0.690
6,0.305
7,0.925
8,0.546
2
2,1.338
3,0.942
4,0.554
5,1.150
6,0.751
7,0.315
8,0.912
3
2,0.611
3,1.223
4,0.819
5,0.396
6,0.944
7,0.538
8,1.122
